1 72 9.9434e-01
1 75 1.6668e-04
2 71 9.9780e-01
3 69 7.4465e-05
3 70 9.9778e-01
3 74 1.8160e-04
3 75 4.3606e-04
4 68 1.5118e-04
4 69 9.9773e-01
4 73 1.8213e-04
4 74 4.3294e-04
4 75 1.2602e-03
5 67 1.8357e-04
5 68 9.9754e-01
5 72 2.0723e-04
5 73 2.6520e-04
5 74 1.2662e-03
6 66 6.5654e-03
6 67 9.6748e-01
6 73 1.1456e-03
7 65 1.2150e-02
7 66 7.3970e-01
7 67 3.2235e-04
8 18 3.9230e-04
8 21 1.8437e-03
8 26 5.9377e-03
8 64 1.5946e-02
9 17 5.2056e-04
9 20 2.0319e-03
9 62 3.5227e-02
9 65 5.0072e-03
9 66 5.4785e-04
10 16 5.6498e-04
10 20 1.4671e-03
10 25 9.2382e-01
10 47 5.5794e-05
10 54 4.5545e-05
10 60 2.6842e-02
10 61 3.6403e-02
10 63 4.2200e-03
10 65 2.2279e-04
11 15 5.6095e-04
11 18 2.1528e-03
11 19 1.5428e-03
11 24 9.2594e-01
11 46 8.1882e-05
11 53 5.8837e-05
11 59 6.7790e-02
11 64 2.2482e-04
12 18 1.1785e-03
12 19 1.1318e-04
12 23 9.2565e-01
12 45 8.1241e-05
12 52 5.8584e-05
12 58 6.7797e-02
13 18 3.3537e-04
13 22 9.2534e-01
13 44 7.9196e-05
13 51 5.7328e-05
13 57 6.7652e-02
14 20 2.1549e-02
14 54 1.9869e-03
14 55 4.3316e-02
14 60 1.7808e-04
14 62 2.3542e-04
15 20 2.3099e-03
15 25 4.1548e-04
15 54 3.9536e-02
15 55 1.5709e-03
15 56 1.9412e-03
15 61 2.4346e-04
16 21 1.4353e-03
16 24 4.1477e-04
16 52 3.3550e-03
16 53 4.6749e-02
16 58 2.8808e-04
17 21 1.4082e-04
17 23 4.0349e-04
17 26 6.9410e-05
17 51 3.2951e-03
17 52 5.4780e-02
17 53 5.9619e-04
17 57 2.9238e-04
17 58 1.6998e-05
18 25 1.1703e-04
18 50 2.8718e-03
18 56 3.0943e-04
19 50 5.8938e-02
19 55 2.7318e-04
19 56 8.8610e-05
20 49 5.1885e-02
21 55 2.2843e-05
22 47 7.5176e-05
22 48 6.8993e-02
22 54 9.5211e-05
22 56 2.6745e-03
23 47 6.8748e-02
23 55 2.6823e-03
23 73 1.9744e-05
24 47 3.4730e-04
24 50 9.7681e-05
24 54 2.6810e-03
24 72 2.0724e-05
25 44 6.1051e-04
25 45 6.4111e-02
25 46 5.6528e-04
25 49 6.7014e-05
25 51 3.2293e-04
25 53 2.6655e-03
25 71 2.0169e-05
26 47 6.9667e-05
27 43 2.0946e-01
27 44 3.2483e-04
27 49 5.3843e-01
28 42 2.1479e-01
28 48 7.8442e-01
29 41 2.1478e-01
29 47 7.8483e-01
30 40 2.1482e-01
30 45 3.7594e-04
30 46 7.8472e-01
31 39 2.1479e-01
31 44 7.6494e-04
31 45 7.8435e-01
32 37 1.5840e-04
32 38 2.0844e-01
32 43 1.1177e-03
32 44 7.8077e-01
33 37 1.4441e-01
33 38 1.3835e-03
33 43 7.6791e-01
34 41 2.0629e-02
34 42 7.5988e-01
35 39 4.9338e-04
35 40 7.2373e-01
35 44 9.0636e-04
36 40 2.0004e-02
36 43 9.6971e-04
37 41 1.3677e-04
43 48 1.4646e-04
43 62 4.8404e-04
43 63 7.4174e-04
44 48 9.6662e-04
44 50 1.0481e-04
44 61 4.9682e-03
44 62 1.1047e-03
44 63 2.7970e-02
44 70 2.1040e-03
45 50 1.2468e-04
45 60 4.9609e-03
45 61 1.2183e-03
45 62 2.8118e-02
45 63 5.9910e-05
45 69 2.1153e-03
46 60 1.0396e-03
46 61 2.8170e-02
46 66 1.1914e-04
46 67 4.9006e-05
46 68 2.1226e-03
47 58 6.3944e-03
48 57 6.4726e-03
48 59 2.4863e-02
48 64 1.5076e-04
49 56 5.9609e-03
49 60 2.3546e-04
49 63 1.6601e-04
49 65 3.3061e-01
49 66 1.8422e-04
50 57 2.8184e-02
50 59 2.9539e-04
50 64 8.7147e-01
51 56 2.7625e-02
51 61 5.6578e-04
51 63 8.9364e-01
52 60 5.6024e-04
52 62 8.9326e-01
53 61 8.9094e-01
54 58 5.5866e-04
54 59 2.0675e-02
55 59 6.6319e-03
56 64 1.1428e-03
57 63 1.2483e-03
58 62 9.2624e-04

